1.0,0.5247524752475248
0.9811320754716981,0.52
0.9622641509433962,0.5151515151515151
0.9622641509433962,0.5204081632653061
0.9622641509433962,0.5257731958762887
0.9622641509433962,0.53125
0.9433962264150944,0.5263157894736842
0.9433962264150944,0.5319148936170213
0.9245283018867925,0.5268817204301075
0.9056603773584906,0.5217391304347826
0.8867924528301887,0.5164835164835165
0.8679245283018868,0.5111111111111111
0.8490566037735849,0.5056179775280899
0.8301886792452831,0.5
0.8113207547169812,0.4942528735632184
0.7924528301886793,0.4883720930232558
0.7735849056603774,0.4823529411764706
0.7547169811320755,0.47619047619047616
0.7547169811320755,0.4819277108433735
0.7358490566037735,0.47560975609756095
0.7169811320754716,0.4691358024691358
0.7169811320754716,0.475
0.6981132075471698,0.46835443037974683
0.6981132075471698,0.47435897435897434
0.6981132075471698,0.4805194805194805
0.6792452830188679,0.47368421052631576
0.6792452830188679,0.48
0.6792452830188679,0.4864864864864865
0.6792452830188679,0.4931506849315068
0.6792452830188679,0.5
0.660377358490566,0.49295774647887325
0.2641509433962264,0.5185185185185185
0.24528301886792453,0.5
0.24528301886792453,0.52
0.24528301886792453,0.5416666666666666
0.22641509433962265,0.5217391304347826
0.22641509433962265,0.5454545454545454
0.22641509433962265,0.5714285714285714
0.22641509433962265,0.6
0.20754716981132076,0.5789473684210527
0.20754716981132076,0.6111111111111112
0.20754716981132076,0.6470588235294118
0.20754716981132076,0.6875
0.18867924528301888,0.6666666666666666
0.18867924528301888,0.7142857142857143
0.16981132075471697,0.6923076923076923
0.1509433962264151,0.6666666666666666
0.1509433962264151,0.7272727272727273
0.1320754716981132,0.7
0.11320754716981132,0.6666666666666666
0.09433962264150944,0.625
0.07547169811320754,0.5714285714285714
0.07547169811320754,0.6666666666666666
0.07547169811320754,0.8
0.05660377358490566,0.75
0.03773584905660377,0.6666666666666666
0.018867924528301886,0.5
0.018867924528301886,1.0
0.0,1.0
1.0,0.53
0.9811320754716981,0.5252525252525253
0.9811320754716981,0.5306122448979592
0.9622641509433962,0.5257731958762887
0.9433962264150944,0.5208333333333334
0.9433962264150944,0.5263157894736842
0.9433962264150944,0.5319148936170213
0.9245283018867925,0.5268817204301075
0.9056603773584906,0.5217391304347826
0.9056603773584906,0.5274725274725275
0.9056603773584906,0.5333333333333333
0.9056603773584906,0.5393258426966292
0.9056603773584906,0.5454545454545454
0.8867924528301887,0.5402298850574713
0.8867924528301887,0.5465116279069767
0.8867924528301887,0.5529411764705883
0.8679245283018868,0.5476190476190477
0.8679245283018868,0.5542168674698795
0.8679245283018868,0.5609756097560976
0.8490566037735849,0.5555555555555556
0.8490566037735849,0.5625
0.8301886792452831,0.5569620253164557
0.8113207547169812,0.5512820512820513
0.8113207547169812,0.5584415584415584
0.7924528301886793,0.5526315789473685
0.7924528301886793,0.56
0.7735849056603774,0.5540540540540541
0.7547169811320755,0.547945205479452
0.7547169811320755,0.5555555555555556
0.7547169811320755,0.5633802816901409
0.7547169811320755,0.5714285714285714
0.7547169811320755,0.5797101449275363
0.7358490566037735,0.5735294117647058
0.7358490566037735,0.582089552238806
0.7358490566037735,0.5909090909090909
0.7169811320754716,0.5846153846153846
0.6981132075471698,0.578125
0.6792452830188679,0.5714285714285714
0.660377358490566,0.5645161290322581
0.660377358490566,0.5737704918032787
0.6415094339622641,0.5666666666666667
0.6226415094339622,0.559322033898305
0.6037735849056604,0.5517241379310345
0.6037735849056604,0.5614035087719298
0.5849056603773585,0.5535714285714286
0.5660377358490566,0.5454545454545454
0.5660377358490566,0.5555555555555556
0.5471698113207547,0.5471698113207547
0.5283018867924528,0.5384615384615384
0.5094339622641509,0.5294117647058824
0.49056603773584906,0.52
0.49056603773584906,0.5306122448979592
0.49056603773584906,0.5416666666666666
0.49056603773584906,0.5531914893617021
0.49056603773584906,0.5652173913043478
0.4716981132075472,0.5555555555555556
0.4528301886792453,0.5454545454545454
0.4339622641509434,0.5348837209302325
0.41509433962264153,0.5365853658536586
0.41509433962264153,0.55
0.39622641509433965,0.5384615384615384
0.37735849056603776,0.5263157894736842
0.37735849056603776,0.5405405405405406
0.37735849056603776,0.5555555555555556
0.37735849056603776,0.5714285714285714
0.37735849056603776,0.5882352941176471
0.37735849056603776,0.6060606060606061
0.37735849056603776,0.625
0.37735849056603776,0.6451612903225806
0.3584905660377358,0.6333333333333333
0.33962264150943394,0.6206896551724138
0.32075471698113206,0.6071428571428571
0.3018867924528302,0.5925925925925926
0.2830188679245283,0.5769230769230769
0.2830188679245283,0.6
0.2641509433962264,0.5833333333333334
0.24528301886792453,0.5652173913043478
0.22641509433962265,0.5454545454545454
0.20754716981132076,0.5238095238095238
0.18867924528301888,0.5
0.18867924528301888,0.5263157894736842
0.16981132075471697,0.5
0.16981132075471697,0.5294117647058824
0.16981132075471697,0.5625
0.1509433962264151,0.5333333333333333
0.1320754716981132,0.5
0.11320754716981132,0.46153846153846156
0.09433962264150944,0.4166666666666667
0.07547169811320754,0.36363636363636365
0.05660377358490566,0.3
0.05660377358490566,0.3333333333333333
0.05660377358490566,0.375
0.05660377358490566,0.42857142857142855
0.05660377358490566,0.5
0.05660377358490566,0.6
0.05660377358490566,0.75
0.03773584905660377,0.6666666666666666
0.03773584905660377,1.0
0.018867924528301886,1.0
0.0,1.0
1.0,0.5247524752475248
0.9811320754716981,0.52
0.9811320754716981,0.5306122448979592
0.9811320754716981,0.5360824742268041
0.9622641509433962,0.53125
0.9433962264150944,0.5263157894736842
0.9433962264150944,0.5319148936170213
0.9245283018867925,0.5268817204301075
0.9056603773584906,0.5274725274725275
0.8867924528301887,0.5222222222222223
0.8867924528301887,0.5280898876404494
0.8867924528301887,0.5340909090909091
0.8867924528301887,0.5402298850574713
0.8679245283018868,0.5348837209302325
0.8490566037735849,0.5421686746987951
0.8490566037735849,0.5555555555555556
0.8301886792452831,0.55
0.7924528301886793,0.5454545454545454
0.7735849056603774,0.5394736842105263
0.7735849056603774,0.5466666666666666
0.7735849056603774,0.5540540540540541
0.7735849056603774,0.5857142857142857
0.7547169811320755,0.5797101449275363
0.7358490566037735,0.5735294117647058
0.7169811320754716,0.5671641791044776
0.6981132075471698,0.5606060606060606
0.660377358490566,0.546875
0.6415094339622641,0.5396825396825397
0.6415094339622641,0.5483870967741935
0.6226415094339622,0.5409836065573771
0.6037735849056604,0.5423728813559322
0.5849056603773585,0.5344827586206896
0.5849056603773585,0.543859649122807
0.5660377358490566,0.5357142857142857
0.5471698113207547,0.5576923076923077
0.5471698113207547,0.5686274509803921
0.5471698113207547,0.58
0.5283018867924528,0.5714285714285714
0.5283018867924528,0.5957446808510638
0.5094339622641509,0.5869565217391305
0.49056603773584906,0.5777777777777777
0.4716981132075472,0.5681818181818182
0.4716981132075472,0.5813953488372093
0.4528301886792453,0.5714285714285714
0.4339622641509434,0.5609756097560976
0.4339622641509434,0.575
0.41509433962264153,0.5641025641025641
0.39622641509433965,0.5526315789473685
0.37735849056603776,0.5405405405405406
0.3584905660377358,0.5277777777777778
0.3584905660377358,0.5428571428571428
0.33962264150943394,0.5294117647058824
0.3018867924528302,0.5
0.2830188679245283,0.4838709677419355
0.2830188679245283,0.5
0.2641509433962264,0.4827586206896552
0.2641509433962264,0.5
0.2641509433962264,0.5185185185185185
0.24528301886792453,0.5
0.22641509433962265,0.48
0.22641509433962265,0.5
0.18867924528301888,0.5
0.16981132075471697,0.47368421052631576
0.1509433962264151,0.4444444444444444
0.1320754716981132,0.4117647058823529
0.11320754716981132,0.375
0.09433962264150944,0.3333333333333333
0.09433962264150944,0.35714285714285715
0.09433962264150944,0.38461538461538464
0.07547169811320754,0.3333333333333333
0.07547169811320754,0.36363636363636365
0.05660377358490566,0.3
0.05660377358490566,0.3333333333333333
0.05660377358490566,0.375
0.03773584905660377,0.2857142857142857
0.03773584905660377,0.3333333333333333
0.018867924528301886,0.2
0.0,0.0
0.0,0.0
0.0,0.0
0.0,0.0
0.0,1.0
1.0,0.5247524752475248
0.9811320754716981,0.52
0.9622641509433962,0.5306122448979592
0.9622641509433962,0.5360824742268041
0.9622641509433962,0.53125
0.9622641509433962,0.5263157894736842
0.9433962264150944,0.5319148936170213
0.9433962264150944,0.5268817204301075
0.9245283018867925,0.5274725274725275
0.9056603773584906,0.5222222222222223
0.8867924528301887,0.5280898876404494
0.8679245283018868,0.5340909090909091
0.8490566037735849,0.5402298850574713
0.8301886792452831,0.5348837209302325
0.8113207547169812,0.5421686746987951
0.7924528301886793,0.5555555555555556
0.7735849056603774,0.55
0.7547169811320755,0.5454545454545454
0.7547169811320755,0.5394736842105263
0.7358490566037735,0.5466666666666666
0.7169811320754716,0.5540540540540541
0.7169811320754716,0.5857142857142857
0.6981132075471698,0.5797101449275363
0.6981132075471698,0.5735294117647058
0.6981132075471698,0.5671641791044776
0.6792452830188679,0.5606060606060606
0.6792452830188679,0.546875
0.6792452830188679,0.5396825396825397
0.6792452830188679,0.5483870967741935
0.6792452830188679,0.5409836065573771
0.660377358490566,0.5423728813559322
0.6415094339622641,0.5344827586206896
0.6415094339622641,0.543859649122807
0.6226415094339622,0.5357142857142857
0.6037735849056604,0.5576923076923077
0.5849056603773585,0.5686274509803921
0.5660377358490566,0.58
0.5660377358490566,0.5714285714285714
0.33962264150943394,0.5957446808510638
0.33962264150943394,0.5869565217391305
0.32075471698113206,0.5777777777777777
0.32075471698113206,0.5681818181818182
0.32075471698113206,0.5813953488372093
0.3018867924528302,0.5714285714285714
0.2830188679245283,0.5609756097560976
0.2830188679245283,0.575
0.2641509433962264,0.5641025641025641
0.2641509433962264,0.5526315789473685
0.2641509433962264,0.5405405405405406
0.2641509433962264,0.5277777777777778
0.24528301886792453,0.5428571428571428
0.24528301886792453,0.5294117647058824
0.24528301886792453,0.5
0.22641509433962265,0.4838709677419355
0.22641509433962265,0.5
0.22641509433962265,0.4827586206896552
0.22641509433962265,0.5
0.20754716981132076,0.5185185185185185
0.20754716981132076,0.5
0.20754716981132076,0.48
0.20754716981132076,0.5
0.18867924528301888,0.5
0.18867924528301888,0.47368421052631576
0.16981132075471697,0.4444444444444444
0.1509433962264151,0.4117647058823529
0.1509433962264151,0.375
0.1320754716981132,0.3333333333333333
0.11320754716981132,0.35714285714285715
0.09433962264150944,0.38461538461538464
0.07547169811320754,0.3333333333333333
0.07547169811320754,0.36363636363636365
0.07547169811320754,0.3
0.05660377358490566,0.3333333333333333
0.03773584905660377,0.375
0.018867924528301886,0.2857142857142857
0.018867924528301886,0.3333333333333333
0.0,0.2
1.0,0.5353535353535354
0.9811320754716981,0.5306122448979592
0.9622641509433962,0.5257731958762887
0.9433962264150944,0.5208333333333334
0.9433962264150944,0.5263157894736842
0.9433962264150944,0.5319148936170213
0.9245283018867925,0.5268817204301075
0.9245283018867925,0.532608695652174
0.9056603773584906,0.5274725274725275
0.9056603773584906,0.5333333333333333
0.9056603773584906,0.5393258426966292
0.9056603773584906,0.5454545454545454
0.8867924528301887,0.5402298850574713
0.8867924528301887,0.5465116279069767
0.8867924528301887,0.5529411764705883
0.8867924528301887,0.5595238095238095
0.8679245283018868,0.5542168674698795
0.8679245283018868,0.5609756097560976
0.8490566037735849,0.5555555555555556
0.8490566037735849,0.5625
0.8301886792452831,0.5569620253164557
0.8301886792452831,0.5641025641025641
0.8113207547169812,0.5584415584415584
0.8113207547169812,0.5657894736842105
0.7924528301886793,0.56
0.7735849056603774,0.5540540540540541
0.7735849056603774,0.5616438356164384
0.7547169811320755,0.5555555555555556
0.7547169811320755,0.5633802816901409
0.7547169811320755,0.5714285714285714
0.7547169811320755,0.5797101449275363
0.7358490566037735,0.5735294117647058
0.7358490566037735,0.582089552238806
0.7358490566037735,0.5909090909090909
0.7169811320754716,0.5846153846153846
0.6981132075471698,0.578125
0.6792452830188679,0.5714285714285714
0.6792452830188679,0.5806451612903226
0.660377358490566,0.5737704918032787
0.660377358490566,0.5833333333333334
0.6415094339622641,0.576271186440678
0.6226415094339622,0.5689655172413793
0.6037735849056604,0.5614035087719298
0.5849056603773585,0.5535714285714286
0.5849056603773585,0.5636363636363636
0.5660377358490566,0.5555555555555556
0.5660377358490566,0.5660377358490566
0.5471698113207547,0.5576923076923077
0.5283018867924528,0.5490196078431373
0.5094339622641509,0.54
0.5094339622641509,0.5510204081632653
0.49056603773584906,0.5416666666666666
0.4716981132075472,0.5319148936170213
0.4716981132075472,0.5434782608695652
0.4716981132075472,0.5555555555555556
0.4528301886792453,0.5454545454545454
0.4339622641509434,0.5476190476190477
0.41509433962264153,0.5365853658536586
0.41509433962264153,0.55
0.39622641509433965,0.5384615384615384
0.39622641509433965,0.5526315789473685
0.39622641509433965,0.5675675675675675
0.37735849056603776,0.5555555555555556
0.37735849056603776,0.5714285714285714
0.37735849056603776,0.5882352941176471
0.37735849056603776,0.6060606060606061
0.37735849056603776,0.625
0.37735849056603776,0.6451612903225806
0.3584905660377358,0.6333333333333333
0.33962264150943394,0.6206896551724138
0.32075471698113206,0.6071428571428571
0.3018867924528302,0.5925925925925926
0.2830188679245283,0.5769230769230769
0.2641509433962264,0.56
0.2641509433962264,0.5833333333333334
0.24528301886792453,0.5652173913043478
0.22641509433962265,0.5454545454545454
0.20754716981132076,0.5238095238095238
0.20754716981132076,0.55
0.20754716981132076,0.5789473684210527
0.18867924528301888,0.5555555555555556
0.18867924528301888,0.5882352941176471
0.16981132075471697,0.5625
0.1509433962264151,0.5333333333333333
0.1320754716981132,0.5
0.11320754716981132,0.46153846153846156
0.09433962264150944,0.4166666666666667
0.07547169811320754,0.36363636363636365
0.05660377358490566,0.3
0.05660377358490566,0.3333333333333333
0.05660377358490566,0.375
0.05660377358490566,0.42857142857142855
0.05660377358490566,0.5
0.05660377358490566,0.6
0.05660377358490566,0.75
0.05660377358490566,1.0
0.03773584905660377,1.0
0.018867924528301886,1.0
0.0,1.0
1.0,0.5247524752475248
0.9811320754716981,0.52
0.9811320754716981,0.5306122448979592
0.9811320754716981,0.5360824742268041
0.9622641509433962,0.53125
0.9433962264150944,0.5263157894736842
0.9433962264150944,0.5319148936170213
0.9245283018867925,0.5268817204301075
0.9056603773584906,0.5274725274725275
0.8867924528301887,0.5222222222222223
0.8867924528301887,0.5280898876404494
0.8867924528301887,0.5340909090909091
0.8867924528301887,0.5402298850574713
0.8679245283018868,0.5348837209302325
0.8490566037735849,0.5421686746987951
0.8490566037735849,0.5555555555555556
0.8301886792452831,0.55
0.7924528301886793,0.5454545454545454
0.7735849056603774,0.5394736842105263
0.7735849056603774,0.5466666666666666
0.7735849056603774,0.5540540540540541
0.7735849056603774,0.5857142857142857
0.7547169811320755,0.5797101449275363
0.7358490566037735,0.5735294117647058
0.7169811320754716,0.5671641791044776
0.6981132075471698,0.5606060606060606
0.660377358490566,0.546875
0.6415094339622641,0.5396825396825397
0.6415094339622641,0.5483870967741935
0.6226415094339622,0.5409836065573771
0.6037735849056604,0.5423728813559322
0.5849056603773585,0.5344827586206896
0.5849056603773585,0.543859649122807
0.5660377358490566,0.5357142857142857
0.5471698113207547,0.5576923076923077
0.5471698113207547,0.5686274509803921
0.5471698113207547,0.58
0.5283018867924528,0.5714285714285714
0.5283018867924528,0.5957446808510638
0.5094339622641509,0.5869565217391305
0.49056603773584906,0.5777777777777777
0.4716981132075472,0.5681818181818182
