1.0,0.2261904761904762
0.9473684210526315,0.21686746987951808
0.8947368421052632,0.2073170731707317
0.8947368421052632,0.20987654320987653
0.8421052631578947,0.2
0.8421052631578947,0.20253164556962025
0.8421052631578947,0.20512820512820512
0.8421052631578947,0.2077922077922078
0.8421052631578947,0.21052631578947367
0.8421052631578947,0.21333333333333335
0.8421052631578947,0.21621621621621623
0.8421052631578947,0.2191780821917808
0.8421052631578947,0.2222222222222222
0.8421052631578947,0.22535211267605634
0.8421052631578947,0.22857142857142856
0.8421052631578947,0.2318840579710145
0.8421052631578947,0.23529411764705882
0.8421052631578947,0.23880597014925373
0.8421052631578947,0.24242424242424243
0.8421052631578947,0.24615384615384617
0.8421052631578947,0.25
0.7894736842105263,0.23809523809523808
0.7894736842105263,0.24193548387096775
0.7894736842105263,0.2459016393442623
0.7894736842105263,0.25
0.7894736842105263,0.2542372881355932
0.7894736842105263,0.25862068965517243
0.7894736842105263,0.2631578947368421
0.7894736842105263,0.26785714285714285
0.7894736842105263,0.2727272727272727
0.7894736842105263,0.2777777777777778
0.7894736842105263,0.2830188679245283
0.7894736842105263,0.28846153846153844
0.7368421052631579,0.27450980392156865
0.7368421052631579,0.28
0.7368421052631579,0.2857142857142857
0.7368421052631579,0.2916666666666667
0.7368421052631579,0.2978723404255319
0.7368421052631579,0.30434782608695654
0.7368421052631579,0.3111111111111111
0.7368421052631579,0.3181818181818182
0.7368421052631579,0.32558139534883723
0.7368421052631579,0.3333333333333333
0.7368421052631579,0.34146341463414637
0.7368421052631579,0.35
0.7368421052631579,0.358974358974359
0.7368421052631579,0.3684210526315789
0.7368421052631579,0.3783783783783784
0.7368421052631579,0.3888888888888889
0.7368421052631579,0.4
0.6842105263157895,0.38235294117647056
0.631578947368421,0.36363636363636365
0.631578947368421,0.375
0.631578947368421,0.3870967741935484
0.5789473684210527,0.36666666666666664
0.5789473684210527,0.3793103448275862
0.5263157894736842,0.35714285714285715
0.5263157894736842,0.37037037037037035
0.5263157894736842,0.38461538461538464
0.5263157894736842,0.4
0.5263157894736842,0.4166666666666667
0.47368421052631576,0.391304347826087
0.42105263157894735,0.36363636363636365
0.42105263157894735,0.38095238095238093
0.42105263157894735,0.4
0.42105263157894735,0.42105263157894735
0.42105263157894735,0.4444444444444444
0.42105263157894735,0.47058823529411764
0.42105263157894735,0.5
0.42105263157894735,0.5333333333333333
0.42105263157894735,0.5714285714285714
0.42105263157894735,0.6153846153846154
0.42105263157894735,0.6666666666666666
0.42105263157894735,0.7272727272727273
0.42105263157894735,0.8
0.3684210526315789,0.7777777777777778
0.3684210526315789,0.875
0.3157894736842105,0.8571428571428571
0.2631578947368421,0.8333333333333334
0.2631578947368421,1.0
0.21052631578947367,1.0
0.15789473684210525,1.0
0.10526315789473684,1.0
0.05263157894736842,1.0
0.0,1.0
1.0,0.2345679012345679
0.9473684210526315,0.225
0.9473684210526315,0.22784810126582278
0.8947368421052632,0.21794871794871795
0.8947368421052632,0.22077922077922077
0.8947368421052632,0.2236842105263158
0.8421052631578947,0.21333333333333335
0.8421052631578947,0.21621621621621623
0.8421052631578947,0.2191780821917808
0.8421052631578947,0.2222222222222222
0.8421052631578947,0.22535211267605634
0.8421052631578947,0.22857142857142856
0.8421052631578947,0.2318840579710145
0.8421052631578947,0.23529411764705882
0.8421052631578947,0.23880597014925373
0.8421052631578947,0.24242424242424243
0.8421052631578947,0.24615384615384617
0.8421052631578947,0.25
0.7894736842105263,0.23809523809523808
0.7894736842105263,0.24193548387096775
0.7894736842105263,0.2459016393442623
0.7894736842105263,0.25
0.7894736842105263,0.2542372881355932
0.7894736842105263,0.25862068965517243
0.7894736842105263,0.2631578947368421
0.7894736842105263,0.26785714285714285
0.7894736842105263,0.2727272727272727
0.7894736842105263,0.2777777777777778
0.7368421052631579,0.2641509433962264
0.7368421052631579,0.2692307692307692
0.6842105263157895,0.2549019607843137
0.6842105263157895,0.26
0.6842105263157895,0.2653061224489796
0.6842105263157895,0.2708333333333333
0.6842105263157895,0.2765957446808511
0.6842105263157895,0.2826086956521739
0.6842105263157895,0.28888888888888886
0.6842105263157895,0.29545454545454547
0.6842105263157895,0.3023255813953488
0.631578947368421,0.2857142857142857
0.631578947368421,0.2926829268292683
0.5789473684210527,0.275
0.5789473684210527,0.28205128205128205
0.5789473684210527,0.2894736842105263
0.5789473684210527,0.2972972972972973
0.5789473684210527,0.3055555555555556
0.5789473684210527,0.3142857142857143
0.5789473684210527,0.3235294117647059
0.5789473684210527,0.3333333333333333
0.5789473684210527,0.34375
0.5789473684210527,0.3548387096774194
0.5789473684210527,0.36666666666666664
0.5263157894736842,0.3448275862068966
0.47368421052631576,0.32142857142857145
0.47368421052631576,0.3333333333333333
0.47368421052631576,0.34615384615384615
0.47368421052631576,0.36
0.42105263157894735,0.3333333333333333
0.42105263157894735,0.34782608695652173
0.42105263157894735,0.36363636363636365
0.42105263157894735,0.38095238095238093
0.3684210526315789,0.35
0.3684210526315789,0.3684210526315789
0.3684210526315789,0.3888888888888889
0.3684210526315789,0.4117647058823529
0.3684210526315789,0.4375
0.3684210526315789,0.4666666666666667
0.3157894736842105,0.42857142857142855
0.2631578947368421,0.38461538461538464
0.2631578947368421,0.4166666666666667
0.2631578947368421,0.45454545454545453
0.2631578947368421,0.5
0.2631578947368421,0.5555555555555556
0.21052631578947367,0.5
0.21052631578947367,0.5714285714285714
0.15789473684210525,0.5
0.15789473684210525,0.6
0.15789473684210525,0.75
0.10526315789473684,0.6666666666666666
0.05263157894736842,0.5
0.0,0.0
0.0,1.0
1.0,0.24675324675324675
0.9473684210526315,0.2608695652173913
0.9473684210526315,0.2647058823529412
0.8421052631578947,0.25
0.7368421052631579,0.2413793103448276
0.631578947368421,0.22641509433962265
0.631578947368421,0.2857142857142857
0.631578947368421,0.2926829268292683
0.631578947368421,0.3333333333333333
0.5263157894736842,0.3125
0.47368421052631576,0.3333333333333333
0.42105263157894735,0.34782608695652173
0.3684210526315789,0.3333333333333333
0.3684210526315789,0.3684210526315789
0.3684210526315789,0.4375
0.3157894736842105,0.42857142857142855
0.3157894736842105,0.46153846153846156
0.2631578947368421,0.5
0.2631578947368421,0.625
0.21052631578947367,0.5714285714285714
0.21052631578947367,0.6666666666666666
0.15789473684210525,0.6
0.15789473684210525,0.75
0.05263157894736842,1.0
0.0,1.0
1.0,0.2159090909090909
0.9473684210526315,0.20238095238095238
0.9473684210526315,0.21518987341772153
0.9473684210526315,0.21794871794871795
0.9473684210526315,0.21739130434782608
0.9473684210526315,0.22058823529411764
0.9473684210526315,0.208955223880597
0.8947368421052632,0.21875
0.8947368421052632,0.2222222222222222
0.8947368421052632,0.2
0.8947368421052632,0.1864406779661017
0.8421052631578947,0.18518518518518517
0.8421052631578947,0.20408163265306123
0.8421052631578947,0.22727272727272727
0.8421052631578947,0.23255813953488372
0.7894736842105263,0.23809523809523808
0.7894736842105263,0.24390243902439024
0.7894736842105263,0.25
0.7894736842105263,0.23076923076923078
0.7894736842105263,0.21052631578947367
0.7894736842105263,0.2222222222222222
0.7894736842105263,0.2
0.7894736842105263,0.21875
0.7894736842105263,0.1111111111111111
0.7894736842105263,0.15
0.7894736842105263,0.15789473684210525
0.7894736842105263,0.1875
0.7368421052631579,0.2
0.7368421052631579,0.21428571428571427
0.7368421052631579,0.23076923076923078
0.7368421052631579,0.25
0.7368421052631579,0.2222222222222222
0.7368421052631579,0.125
0.7368421052631579,0.14285714285714285
0.6842105263157895,0.0
0.6842105263157895,0.0
0.6842105263157895,0.0
0.631578947368421,0.0
0.631578947368421,0.0
0.5789473684210527,1.0
1.0,0.2
0.9473684210526315,0.19148936170212766
0.9473684210526315,0.1935483870967742
0.8947368421052632,0.18478260869565216
0.8947368421052632,0.18681318681318682
0.8947368421052632,0.18888888888888888
0.8947368421052632,0.19101123595505617
0.8947368421052632,0.19318181818181818
0.8421052631578947,0.1839080459770115
0.8421052631578947,0.18604651162790697
0.8421052631578947,0.18823529411764706
0.8421052631578947,0.19047619047619047
0.8421052631578947,0.1927710843373494
0.8421052631578947,0.1951219512195122
0.8421052631578947,0.19753086419753085
0.7894736842105263,0.1875
0.7894736842105263,0.189873417721519
0.7894736842105263,0.19230769230769232
0.7368421052631579,0.18181818181818182
0.7368421052631579,0.18421052631578946
0.7368421052631579,0.18666666666666668
0.7368421052631579,0.1891891891891892
0.6842105263157895,0.1780821917808219
0.631578947368421,0.16666666666666666
0.631578947368421,0.16901408450704225
0.5789473684210527,0.15714285714285714
0.5789473684210527,0.15942028985507245
0.5789473684210527,0.16176470588235295
0.5789473684210527,0.16417910447761194
0.5789473684210527,0.16666666666666666
0.5263157894736842,0.15384615384615385
0.5263157894736842,0.15625
0.5263157894736842,0.15873015873015872
0.5263157894736842,0.16129032258064516
0.5263157894736842,0.16393442622950818
0.5263157894736842,0.16666666666666666
0.5263157894736842,0.1694915254237288
0.5263157894736842,0.1724137931034483
0.5263157894736842,0.17543859649122806
0.5263157894736842,0.17857142857142858
0.5263157894736842,0.18181818181818182
0.5263157894736842,0.18518518518518517
0.5263157894736842,0.18867924528301888
0.5263157894736842,0.19230769230769232
0.5263157894736842,0.19607843137254902
0.47368421052631576,0.18
0.47368421052631576,0.1836734693877551
0.47368421052631576,0.1875
0.47368421052631576,0.19148936170212766
0.47368421052631576,0.1956521739130435
0.47368421052631576,0.2
0.42105263157894735,0.18181818181818182
0.3684210526315789,0.16279069767441862
0.3157894736842105,0.14285714285714285
0.3157894736842105,0.14634146341463414
0.3157894736842105,0.15
0.3157894736842105,0.15384615384615385
0.3157894736842105,0.15789473684210525
0.3157894736842105,0.16216216216216217
0.3157894736842105,0.16666666666666666
0.3157894736842105,0.17142857142857143
0.3157894736842105,0.17647058823529413
0.3157894736842105,0.18181818181818182
0.3157894736842105,0.1875
0.2631578947368421,0.16129032258064516
0.2631578947368421,0.16666666666666666
0.2631578947368421,0.1724137931034483
0.2631578947368421,0.17857142857142858
0.2631578947368421,0.18518518518518517
0.2631578947368421,0.19230769230769232
0.2631578947368421,0.2
0.2631578947368421,0.20833333333333334
0.2631578947368421,0.21739130434782608
0.2631578947368421,0.22727272727272727
0.21052631578947367,0.19047619047619047
0.15789473684210525,0.15
0.15789473684210525,0.15789473684210525
0.15789473684210525,0.16666666666666666
0.15789473684210525,0.17647058823529413
0.15789473684210525,0.1875
0.15789473684210525,0.2
0.10526315789473684,0.14285714285714285
0.10526315789473684,0.15384615384615385
0.10526315789473684,0.16666666666666666
0.10526315789473684,0.18181818181818182
0.10526315789473684,0.2
0.10526315789473684,0.2222222222222222
0.05263157894736842,0.125
0.05263157894736842,0.14285714285714285
0.05263157894736842,0.16666666666666666
0.05263157894736842,0.2
0.05263157894736842,0.25
0.05263157894736842,0.3333333333333333
0.05263157894736842,0.5
0.0,0.0
0.0,1.0
1.0,0.2159090909090909
0.8947368421052632,0.20238095238095238
0.8947368421052632,0.21518987341772153
0.8947368421052632,0.21794871794871795
0.7894736842105263,0.21739130434782608
0.7894736842105263,0.22058823529411764
0.7368421052631579,0.208955223880597
0.7368421052631579,0.21875
0.7368421052631579,0.2222222222222222
0.631578947368421,0.2
0.5789473684210527,0.1864406779661017
0.5263157894736842,0.18518518518518517
0.5263157894736842,0.20408163265306123
0.5263157894736842,0.22727272727272727
0.5263157894736842,0.23255813953488372
0.5263157894736842,0.23809523809523808
0.5263157894736842,0.24390243902439024
0.5263157894736842,0.25
0.47368421052631576,0.23076923076923078
0.42105263157894735,0.21052631578947367
0.42105263157894735,0.2222222222222222
0.3684210526315789,0.2
0.3684210526315789,0.21875
0.15789473684210525,0.1111111111111111
0.15789473684210525,0.15
0.15789473684210525,0.15789473684210525
0.15789473684210525,0.1875
0.15789473684210525,0.2
0.15789473684210525,0.21428571428571427
0.15789473684210525,0.23076923076923078
0.15789473684210525,0.25
0.10526315789473684,0.2222222222222222
0.05263157894736842,0.125
0.05263157894736842,0.14285714285714285
0.0,0.0
0.0,0.0
0.0,0.0
0.0,0.0
0.0,0.0
0.0,1.0
