1.0,0.25
0.95,0.24050632911392406
0.95,0.24358974358974358
0.95,0.24675324675324675
0.95,0.25
0.95,0.25333333333333335
0.95,0.25675675675675674
0.95,0.2602739726027397
0.9,0.25
0.9,0.2535211267605634
0.9,0.2571428571428571
0.9,0.2608695652173913
0.9,0.2647058823529412
0.9,0.26865671641791045
0.9,0.2727272727272727
0.9,0.27692307692307694
0.9,0.28125
0.9,0.2857142857142857
0.9,0.2903225806451613
0.9,0.29508196721311475
0.9,0.3
0.9,0.3050847457627119
0.9,0.3103448275862069
0.9,0.3157894736842105
0.85,0.30357142857142855
0.85,0.3090909090909091
0.8,0.2962962962962963
0.75,0.2830188679245283
0.7,0.2692307692307692
0.65,0.2549019607843137
0.65,0.26
0.6,0.24489795918367346
0.6,0.25
0.55,0.23404255319148937
0.55,0.2391304347826087
0.55,0.24444444444444444
0.5,0.22727272727272727
0.5,0.23255813953488372
0.5,0.23809523809523808
0.5,0.24390243902439024
0.5,0.25
0.5,0.2564102564102564
0.5,0.2631578947368421
0.45,0.24324324324324326
0.45,0.25
0.45,0.2571428571428571
0.45,0.2647058823529412
0.45,0.2727272727272727
0.45,0.28125
0.45,0.2903225806451613
0.45,0.3
0.4,0.27586206896551724
0.35,0.25
0.3,0.2222222222222222
0.3,0.23076923076923078
0.3,0.24
0.3,0.25
0.3,0.2608695652173913
0.3,0.2727272727272727
0.3,0.2857142857142857
0.3,0.3
0.3,0.3157894736842105
0.25,0.2777777777777778
0.25,0.29411764705882354
0.2,0.25
0.2,0.26666666666666666
0.2,0.2857142857142857
0.2,0.3076923076923077
0.15,0.25
0.15,0.2727272727272727
0.15,0.3
0.15,0.3333333333333333
0.15,0.375
0.15,0.42857142857142855
0.15,0.5
0.15,0.6
0.15,0.75
0.15,1.0
0.1,1.0
0.05,1.0
0.0,1.0
1.0,0.23809523809523808
0.95,0.2289156626506024
0.95,0.23170731707317074
0.95,0.2345679012345679
0.95,0.2375
0.95,0.24050632911392406
0.95,0.24358974358974358
0.95,0.24675324675324675
0.95,0.25
0.95,0.25333333333333335
0.95,0.25675675675675674
0.9,0.2465753424657534
0.9,0.25
0.9,0.2535211267605634
0.9,0.2571428571428571
0.9,0.2608695652173913
0.85,0.25
0.85,0.2537313432835821
0.85,0.25757575757575757
0.85,0.26153846153846155
0.85,0.2698412698412698
0.85,0.27419354838709675
0.85,0.2786885245901639
0.8,0.26666666666666666
0.8,0.2711864406779661
0.8,0.27586206896551724
0.8,0.2807017543859649
0.8,0.2857142857142857
0.8,0.2909090909090909
0.8,0.2962962962962963
0.8,0.3018867924528302
0.8,0.3076923076923077
0.8,0.3137254901960784
0.75,0.3
0.75,0.30612244897959184
0.7,0.2916666666666667
0.7,0.2978723404255319
0.65,0.2826086956521739
0.65,0.28888888888888886
0.6,0.2727272727272727
0.6,0.27906976744186046
0.6,0.2857142857142857
0.6,0.2926829268292683
0.55,0.28205128205128205
0.5,0.2631578947368421
0.5,0.2702702702702703
0.45,0.25
0.45,0.2571428571428571
0.4,0.23529411764705882
0.35,0.21212121212121213
0.35,0.21875
0.35,0.22580645161290322
0.35,0.23333333333333334
0.35,0.2413793103448276
0.35,0.25
0.35,0.25925925925925924
0.35,0.2692307692307692
0.35,0.28
0.3,0.25
0.3,0.2608695652173913
0.3,0.2727272727272727
0.3,0.2857142857142857
0.3,0.3
0.3,0.3157894736842105
0.25,0.2777777777777778
0.2,0.23529411764705882
0.2,0.25
0.2,0.26666666666666666
0.2,0.2857142857142857
0.2,0.3076923076923077
0.15,0.25
0.1,0.18181818181818182
0.1,0.2
0.1,0.2222222222222222
0.05,0.125
0.0,0.0
0.0,0.0
0.0,0.0
0.0,0.0
0.0,0.0
0.0,0.0
0.0,0.0
0.0,1.0
1.0,0.25316455696202533
0.95,0.24675324675324675
0.9,0.23684210526315788
0.9,0.2465753424657534
0.85,0.2463768115942029
0.85,0.2537313432835821
0.85,0.25757575757575757
0.85,0.2698412698412698
0.8,0.25806451612903225
0.75,0.2631578947368421
0.75,0.26785714285714285
0.7,0.28
0.7,0.2857142857142857
0.7,0.2916666666666667
0.7,0.2978723404255319
0.7,0.30434782608695654
0.7,0.32558139534883723
0.7,0.3333333333333333
0.7,0.358974358974359
0.6,0.3333333333333333
0.55,0.3142857142857143
0.5,0.30303030303030304
0.45,0.2903225806451613
0.45,0.3
0.45,0.32142857142857145
0.45,0.3333333333333333
0.35,0.30434782608695654
0.35,0.3181818181818182
0.3,0.3
0.3,0.3157894736842105
0.25,0.29411764705882354
0.25,0.3333333333333333
0.25,0.35714285714285715
0.2,0.3076923076923077
0.2,0.3333333333333333
0.2,0.4444444444444444
0.2,0.5
0.2,0.5714285714285714
0.2,0.6666666666666666
0.15,0.6
0.15,0.75
0.1,0.6666666666666666
0.1,1.0
0.05,1.0
0.0,1.0
1.0,0.21978021978021978
0.95,0.2159090909090909
0.95,0.2125
0.95,0.21333333333333335
0.95,0.2191780821917808
0.9,0.2112676056338028
0.9,0.21428571428571427
0.9,0.21212121212121213
0.9,0.2153846153846154
0.9,0.20967741935483872
0.9,0.21311475409836064
0.9,0.22033898305084745
0.9,0.21052631578947367
0.85,0.21428571428571427
0.85,0.22641509433962265
0.85,0.23529411764705882
0.85,0.24
0.8,0.25
0.8,0.2391304347826087
0.8,0.2222222222222222
0.75,0.22727272727272727
0.75,0.21428571428571427
0.75,0.21951219512195122
0.75,0.225
0.75,0.2222222222222222
0.7,0.18181818181818182
0.7,0.1875
0.7,0.2
0.65,0.20689655172413793
0.65,0.17857142857142858
0.6,0.18518518518518517
0.6,0.2
0.55,0.18181818181818182
0.55,0.19047619047619047
0.55,0.2
0.55,0.21052631578947367
0.55,0.17647058823529413
0.55,0.1875
0.55,0.2
0.55,0.15384615384615385
0.55,0.08333333333333333
0.5,0.09090909090909091
0.5,0.1
0.5,0.1111111111111111
0.45,0.125
0.45,0.16666666666666666
0.45,0.2
0.45,0.25
0.45,0.3333333333333333
0.45,0.0
0.45,0.0
0.45,1.0
1.0,0.20202020202020202
0.95,0.19387755102040816
0.9,0.18556701030927836
0.9,0.1875
0.85,0.17894736842105263
0.85,0.18085106382978725
0.85,0.1827956989247312
0.8,0.17391304347826086
0.75,0.16483516483516483
0.75,0.16666666666666666
0.75,0.16853932584269662
0.75,0.17045454545454544
0.75,0.1724137931034483
0.75,0.1744186046511628
0.75,0.17647058823529413
0.75,0.17857142857142858
0.75,0.18072289156626506
0.75,0.18292682926829268
0.7,0.1728395061728395
0.7,0.175
0.7,0.17721518987341772
0.7,0.1794871794871795
0.65,0.16883116883116883
0.65,0.17105263157894737
0.65,0.17333333333333334
0.6,0.16216216216216217
0.55,0.1506849315068493
0.55,0.1527777777777778
0.55,0.15492957746478872
0.55,0.15714285714285714
0.5,0.14492753623188406
0.5,0.14705882352941177
0.45,0.13432835820895522
0.45,0.13636363636363635
0.45,0.13846153846153847
0.45,0.140625
0.45,0.14285714285714285
0.45,0.14516129032258066
0.45,0.14754098360655737
0.45,0.15
0.45,0.15254237288135594
0.45,0.15517241379310345
0.45,0.15789473684210525
0.45,0.16071428571428573
0.4,0.14545454545454545
0.4,0.14814814814814814
0.4,0.1509433962264151
0.4,0.15384615384615385
0.4,0.1568627450980392
0.4,0.16
0.4,0.16326530612244897
0.4,0.16666666666666666
0.4,0.18181818181818182
0.35,0.16279069767441862
0.35,0.16666666666666666
0.35,0.17073170731707318
0.35,0.175
0.3,0.15384615384615385
0.3,0.15789473684210525
0.3,0.16216216216216217
0.3,0.16666666666666666
0.3,0.17142857142857143
0.3,0.17647058823529413
0.3,0.18181818181818182
0.3,0.1875
0.3,0.1935483870967742
0.3,0.2
0.3,0.20689655172413793
0.3,0.21428571428571427
0.3,0.2222222222222222
0.3,0.23076923076923078
0.25,0.2
0.25,0.20833333333333334
0.2,0.17391304347826086
0.2,0.18181818181818182
0.2,0.19047619047619047
0.2,0.2
0.2,0.21052631578947367
0.2,0.2222222222222222
0.2,0.23529411764705882
0.15,0.1875
0.15,0.2
0.15,0.21428571428571427
0.15,0.23076923076923078
0.15,0.25
0.15,0.2727272727272727
0.1,0.2
0.1,0.2222222222222222
0.1,0.25
0.1,0.2857142857142857
0.1,0.3333333333333333
0.1,0.4
0.05,0.25
0.05,0.3333333333333333
0.05,0.5
0.05,1.0
0.0,1.0
1.0,0.21978021978021978
0.95,0.2159090909090909
0.85,0.2125
0.8,0.21333333333333335
0.8,0.2191780821917808
0.75,0.2112676056338028
0.75,0.21428571428571427
0.7,0.21212121212121213
0.7,0.2153846153846154
0.65,0.20967741935483872
0.65,0.21311475409836064
0.65,0.22033898305084745
0.6,0.21052631578947367
0.6,0.21428571428571427
0.6,0.22641509433962265
0.6,0.23529411764705882
0.6,0.24
0.6,0.25
0.55,0.2391304347826087
0.5,0.2222222222222222
0.5,0.22727272727272727
0.45,0.21428571428571427
0.45,0.21951219512195122
0.45,0.225
0.4,0.2222222222222222
0.3,0.18181818181818182
0.3,0.1875
0.3,0.2
0.3,0.20689655172413793
0.25,0.17857142857142858
0.25,0.18518518518518517
0.25,0.2
0.2,0.18181818181818182
0.2,0.19047619047619047
0.2,0.2
0.2,0.21052631578947367
0.15,0.17647058823529413
0.15,0.1875
0.15,0.2
0.1,0.15384615384615385
0.05,0.08333333333333333
0.05,0.09090909090909091
0.05,0.1
0.05,0.1111111111111111
0.05,0.125
0.05,0.16666666666666666
0.05,0.2
0.05,0.25
0.05,0.3333333333333333
0.0,0.0
0.0,0.0
0.0,1.0
