0.0,0.0
0.0,0.02
0.0,0.14
0.0196078431372549,0.14
0.0196078431372549,0.18
0.0392156862745098,0.18
0.0392156862745098,0.22
0.058823529411764705,0.22
0.058823529411764705,0.28
0.09803921568627451,0.28
0.09803921568627451,0.36
0.11764705882352941,0.36
0.11764705882352941,0.4
0.13725490196078433,0.4
0.13725490196078433,0.44
0.19607843137254902,0.44
0.19607843137254902,0.46
0.21568627450980393,0.46
0.21568627450980393,0.48
0.27450980392156865,0.48
0.27450980392156865,0.58
0.3137254901960784,0.58
0.3137254901960784,0.6
0.3333333333333333,0.6
0.3333333333333333,0.68
0.37254901960784315,0.68
0.37254901960784315,0.7
0.4117647058823529,0.7
0.4117647058823529,0.72
0.47058823529411764,0.72
0.47058823529411764,0.74
0.5098039215686274,0.74
0.5098039215686274,0.76
0.5294117647058824,0.76
0.5294117647058824,0.8
0.5490196078431373,0.8
0.5490196078431373,0.84
0.6470588235294118,0.84
0.6470588235294118,0.86
0.7058823529411765,0.86
0.7058823529411765,0.92
0.7450980392156863,0.92
0.7450980392156863,0.96
0.9607843137254902,0.96
0.9607843137254902,0.98
0.9803921568627451,0.98
0.9803921568627451,1.0
1.0,1.0
0.0,0.0
0.0,0.02
0.0196078431372549,0.02
0.0196078431372549,0.14
0.0392156862745098,0.14
0.0392156862745098,0.3
0.058823529411764705,0.3
0.058823529411764705,0.34
0.0784313725490196,0.34
0.0784313725490196,0.38
0.19607843137254902,0.38
0.19607843137254902,0.4
0.21568627450980393,0.4
0.21568627450980393,0.42
0.2549019607843137,0.42
0.2549019607843137,0.46
0.27450980392156865,0.46
0.27450980392156865,0.58
0.3137254901960784,0.58
0.3137254901960784,0.6
0.3333333333333333,0.6
0.3333333333333333,0.64
0.35294117647058826,0.64
0.35294117647058826,0.68
0.39215686274509803,0.68
0.39215686274509803,0.7
0.4117647058823529,0.7
0.4117647058823529,0.74
0.49019607843137253,0.74
0.49019607843137253,0.76
0.6078431372549019,0.76
0.6078431372549019,0.8
0.6666666666666666,0.8
0.6666666666666666,0.82
0.7254901960784313,0.82
0.7254901960784313,0.88
0.7450980392156863,0.88
0.7450980392156863,0.9
0.7843137254901961,0.9
0.7843137254901961,0.92
0.803921568627451,0.92
0.803921568627451,0.94
0.8235294117647058,0.94
0.8235294117647058,0.96
0.9215686274509803,0.96
0.9215686274509803,1.0
1.0,1.0
0.0,0.0
0.0,0.04
0.0,0.08
0.0,0.12
0.0,0.18
0.058823529411764705,0.22
0.058823529411764705,0.26
0.0784313725490196,0.28
0.0784313725490196,0.34
0.09803921568627451,0.36
0.11764705882352941,0.44
0.13725490196078433,0.44
0.13725490196078433,0.46
0.1568627450980392,0.48
0.17647058823529413,0.48
0.19607843137254902,0.52
0.21568627450980393,0.54
0.2549019607843137,0.54
0.27450980392156865,0.56
0.3137254901960784,0.58
0.35294117647058826,0.62
0.35294117647058826,0.64
0.37254901960784315,0.64
0.4117647058823529,0.66
0.45098039215686275,0.7
0.45098039215686275,0.72
0.49019607843137253,0.72
0.49019607843137253,0.76
0.5294117647058824,0.8
0.5294117647058824,0.82
0.5490196078431373,0.86
0.5686274509803921,0.86
0.5882352941176471,0.9
0.6078431372549019,0.9
0.6274509803921569,0.92
0.6666666666666666,0.92
0.6666666666666666,0.94
0.6862745098039216,0.94
0.6862745098039216,0.98
0.7254901960784313,0.98
0.7843137254901961,0.98
0.8235294117647058,0.98
0.8431372549019608,1.0
0.9019607843137255,1.0
0.9411764705882353,1.0
1.0,1.0
0.0,0.0
1.0,1.0
0.0,0.0
0.0196078431372549,0.0
0.0196078431372549,0.02
0.0392156862745098,0.02
0.0392156862745098,0.08
0.0784313725490196,0.08
0.0784313725490196,0.16
0.11764705882352941,0.16
0.11764705882352941,0.18
0.13725490196078433,0.18
0.13725490196078433,0.2
0.1568627450980392,0.2
0.1568627450980392,0.22
0.17647058823529413,0.22
0.17647058823529413,0.24
0.23529411764705882,0.24
0.23529411764705882,0.26
0.2549019607843137,0.26
0.2549019607843137,0.32
0.3137254901960784,0.32
0.3137254901960784,0.4
0.3333333333333333,0.4
0.3333333333333333,0.46
0.39215686274509803,0.46
0.39215686274509803,0.48
0.4117647058823529,0.48
0.4117647058823529,0.52
0.47058823529411764,0.52
0.47058823529411764,0.54
0.5098039215686274,0.54
0.5098039215686274,0.6
0.5294117647058824,0.6
0.5294117647058824,0.62
0.5882352941176471,0.62
0.5882352941176471,0.64
0.6274509803921569,0.64
0.6274509803921569,0.68
0.6470588235294118,0.68
0.6470588235294118,0.7
0.6470588235294118,0.74
0.6470588235294118,0.76
0.6666666666666666,0.76
0.6666666666666666,0.78
0.6862745098039216,0.78
0.6862745098039216,0.82
0.7254901960784313,0.82
0.7254901960784313,0.84
0.7450980392156863,0.84
0.7450980392156863,0.88
0.7647058823529411,0.88
0.7647058823529411,0.9
0.7843137254901961,0.9
0.7843137254901961,0.96
0.9607843137254902,0.96
0.9607843137254902,0.98
0.9803921568627451,0.98
0.9803921568627451,1.0
1.0,1.0
0.0,0.0
0.0196078431372549,0.0
0.058823529411764705,0.0
0.058823529411764705,0.02
0.09803921568627451,0.02
0.09803921568627451,0.04
0.13725490196078433,0.04
0.17647058823529413,0.06
0.19607843137254902,0.06
0.23529411764705882,0.06
0.23529411764705882,0.08
0.2549019607843137,0.12
0.27450980392156865,0.12
0.27450980392156865,0.14
0.29411764705882354,0.16
0.29411764705882354,0.18
0.3333333333333333,0.24
0.37254901960784315,0.28
0.39215686274509803,0.3
0.39215686274509803,0.42
0.39215686274509803,0.44
0.47058823529411764,0.5
0.47058823529411764,0.52
0.49019607843137253,0.52
0.5098039215686274,0.54
0.5294117647058824,0.58
0.5882352941176471,0.62
0.6470588235294118,0.68
0.6666666666666666,0.7
0.6666666666666666,0.72
0.7058823529411765,0.78
0.7450980392156863,0.8
0.7450980392156863,0.82
0.7647058823529411,0.84
0.8431372549019608,0.88
0.8823529411764706,0.88
0.9019607843137255,0.92
0.9019607843137255,0.94
0.9803921568627451,0.94
0.9803921568627451,0.98
1.0,0.98
1.0,1.0
