0.0,0.0
0.013157894736842105,0.0
0.013157894736842105,0.10526315789473684
0.09210526315789473,0.10526315789473684
0.09210526315789473,0.3684210526315789
0.11842105263157894,0.3684210526315789
0.11842105263157894,0.42105263157894735
0.2894736842105263,0.42105263157894735
0.2894736842105263,0.47368421052631576
0.35526315789473684,0.47368421052631576
0.35526315789473684,0.5789473684210527
0.40789473684210525,0.5789473684210527
0.40789473684210525,0.631578947368421
0.5394736842105263,0.631578947368421
0.5394736842105263,0.6842105263157895
0.5526315789473685,0.6842105263157895
0.5526315789473685,0.7894736842105263
0.618421052631579,0.7894736842105263
0.618421052631579,0.8421052631578947
0.6447368421052632,0.8421052631578947
0.6447368421052632,0.8947368421052632
0.7105263157894737,0.8947368421052632
0.7105263157894737,0.9473684210526315
0.868421052631579,0.9473684210526315
0.868421052631579,1.0
1.0,1.0
0.0,0.0
0.013157894736842105,0.0
0.013157894736842105,0.10526315789473684
0.039473684210526314,0.10526315789473684
0.039473684210526314,0.15789473684210525
0.11842105263157894,0.15789473684210525
0.11842105263157894,0.21052631578947367
0.13157894736842105,0.21052631578947367
0.13157894736842105,0.2631578947368421
0.14473684210526316,0.2631578947368421
0.14473684210526316,0.3157894736842105
0.17105263157894737,0.3157894736842105
0.17105263157894737,0.3684210526315789
0.18421052631578946,0.3684210526315789
0.18421052631578946,0.42105263157894735
0.21052631578947367,0.42105263157894735
0.21052631578947367,0.47368421052631576
0.27631578947368424,0.47368421052631576
0.27631578947368424,0.5789473684210527
0.3815789473684211,0.5789473684210527
0.3815789473684211,0.631578947368421
0.42105263157894735,0.631578947368421
0.42105263157894735,0.6842105263157895
0.4473684210526316,0.6842105263157895
0.4473684210526316,0.7368421052631579
0.5526315789473685,0.7368421052631579
0.5526315789473685,0.7894736842105263
0.631578947368421,0.7894736842105263
0.631578947368421,0.8421052631578947
0.6842105263157895,0.8421052631578947
0.6842105263157895,0.8947368421052632
0.7631578947368421,0.8947368421052632
0.7631578947368421,0.9473684210526315
0.8289473684210527,0.9473684210526315
0.8289473684210527,1.0
1.0,1.0
0.0,0.0
0.013157894736842105,0.0
0.013157894736842105,0.10526315789473684
0.039473684210526314,0.10526315789473684
0.039473684210526314,0.21052631578947367
0.07894736842105263,0.21052631578947367
0.07894736842105263,0.2631578947368421
0.18421052631578946,0.2631578947368421
0.18421052631578946,0.3157894736842105
0.21052631578947367,0.3157894736842105
0.21052631578947367,0.3684210526315789
0.4342105263157895,0.3684210526315789
0.4342105263157895,0.42105263157894735
0.4473684210526316,0.42105263157894735
0.4473684210526316,0.47368421052631576
0.4605263157894737,0.47368421052631576
0.4605263157894737,0.5263157894736842
0.5,0.5263157894736842
0.5263157894736842,0.5263157894736842
0.5526315789473685,0.5263157894736842
0.5526315789473685,0.5789473684210527
0.5789473684210527,0.5789473684210527
0.5789473684210527,0.631578947368421
0.5921052631578947,0.631578947368421
0.5921052631578947,0.6842105263157895
0.631578947368421,0.6842105263157895
0.631578947368421,0.8421052631578947
0.6447368421052632,0.8421052631578947
0.6842105263157895,0.8421052631578947
0.7368421052631579,0.8421052631578947
0.7763157894736842,0.8421052631578947
0.8026315789473685,0.8421052631578947
0.8289473684210527,0.8421052631578947
0.8289473684210527,0.8947368421052632
0.9210526315789473,0.8947368421052632
0.9210526315789473,0.9473684210526315
0.9736842105263158,0.9473684210526315
0.9736842105263158,1.0
1.0,1.0
0.0,0.0
0.013157894736842105,0.0
0.02631578947368421,0.0
0.02631578947368421,0.05263157894736842
0.07894736842105263,0.05263157894736842
0.07894736842105263,0.10526315789473684
0.2631578947368421,0.10526315789473684
0.2631578947368421,0.15789473684210525
0.3815789473684211,0.15789473684210525
0.3815789473684211,0.2631578947368421
0.42105263157894735,0.2631578947368421
0.42105263157894735,0.3157894736842105
0.4342105263157895,0.3157894736842105
0.4342105263157895,0.47368421052631576
0.4868421052631579,0.47368421052631576
0.4868421052631579,0.5263157894736842
0.618421052631579,0.5263157894736842
0.618421052631579,0.5789473684210527
0.7236842105263158,0.5789473684210527
0.7236842105263158,0.631578947368421
0.7763157894736842,0.631578947368421
0.7763157894736842,0.6842105263157895
0.8026315789473685,0.6842105263157895
0.8026315789473685,0.7894736842105263
0.8552631578947368,0.7894736842105263
0.8552631578947368,0.8947368421052632
0.881578947368421,0.8947368421052632
0.881578947368421,0.9473684210526315
0.9078947368421053,0.9473684210526315
0.9078947368421053,1.0
1.0,1.0
0.0,0.0
0.013157894736842105,0.0
0.013157894736842105,0.05263157894736842
0.13157894736842105,0.05263157894736842
0.13157894736842105,0.10526315789473684
0.15789473684210525,0.10526315789473684
0.15789473684210525,0.15789473684210525
0.23684210526315788,0.15789473684210525
0.23684210526315788,0.21052631578947367
0.27631578947368424,0.21052631578947367
0.27631578947368424,0.2631578947368421
0.3026315789473684,0.2631578947368421
0.3026315789473684,0.3684210526315789
0.5131578947368421,0.3684210526315789
0.5131578947368421,0.42105263157894735
0.5526315789473685,0.42105263157894735
0.5526315789473685,0.5263157894736842
0.5921052631578947,0.5263157894736842
0.5921052631578947,0.631578947368421
0.6842105263157895,0.631578947368421
0.6842105263157895,0.6842105263157895
0.8289473684210527,0.6842105263157895
0.8289473684210527,0.7894736842105263
0.868421052631579,0.7894736842105263
0.868421052631579,0.8421052631578947
0.9210526315789473,0.8421052631578947
0.9210526315789473,0.8947368421052632
0.9605263157894737,0.8947368421052632
0.9605263157894737,0.9473684210526315
0.9736842105263158,0.9473684210526315
0.9736842105263158,1.0
1.0,1.0
0.0,0.0
0.013157894736842105,0.0
0.013157894736842105,0.05263157894736842
0.11842105263157894,0.05263157894736842
0.11842105263157894,0.15789473684210525
0.13157894736842105,0.15789473684210525
0.13157894736842105,0.21052631578947367
0.23684210526315788,0.21052631578947367
0.23684210526315788,0.2631578947368421
0.2894736842105263,0.2631578947368421
0.2894736842105263,0.3157894736842105
0.39473684210526316,0.3157894736842105
0.39473684210526316,0.3684210526315789
0.42105263157894735,0.3684210526315789
0.42105263157894735,0.42105263157894735
0.5394736842105263,0.42105263157894735
0.5394736842105263,0.631578947368421
0.618421052631579,0.631578947368421
0.618421052631579,0.7894736842105263
0.6578947368421053,0.7894736842105263
0.6578947368421053,0.8421052631578947
0.6842105263157895,0.8421052631578947
0.7236842105263158,0.8421052631578947
0.7236842105263158,0.8947368421052632
0.7368421052631579,0.8947368421052632
0.7368421052631579,0.9473684210526315
0.8289473684210527,0.9473684210526315
0.8552631578947368,0.9473684210526315
0.9605263157894737,0.9473684210526315
0.9605263157894737,1.0
1.0,1.0
